CNN
acc : 0.9233228921952493
recall : 0.9233228921952493
precision : 0.9233228921952493

NN
acc : 0.9109892978334638
recall :0.9109892978334638
precision : 0.9109892978334638